0.000000 5
0.000001 1
0.000014 -1
0.000014 3
0.000550 -3
0.000550 1
0.000551 -1
0.000551 2
0.131595 -2
0.131600 1
0.131615 -1
0.131616 1
0.131620 -1
0.131620 3
0.131759 -3
0.131759 1
0.131760 -1
0.131760 2
0.274112 -2
0.274112 1
0.274128 -1
0.274128 1
0.274130 -1
0.274130 3
0.274221 -3
0.274222 1
0.274222 -1
0.274222 2
0.414928 -2
0.414928 1
0.414948 -1
0.414949 1
0.414950 -1
0.414953 3
0.415058 -3
0.415058 1
0.415058 -1
0.415058 2
0.551189 -2
0.551190 1
0.551207 -1
0.551208 1
0.551209 -1
0.551209 3
0.551387 -3
0.551387 1
0.551388 -1
0.551388 2
0.691717 -2
0.691718 1
0.691737 -1
0.691738 1
0.691739 -1
0.691739 3
0.691851 -3
0.691851 1
0.691851 -1
0.691851 2
0.833583 -2
0.833584 1
0.833602 -1
0.833602 1
0.833603 -1
0.833603 3
0.833723 -3
0.833725 1
0.833725 -1
0.833726 2
0.981431 -2
0.981433 1
0.981453 -1
0.981453 1
0.981455 -1
0.981455 3
0.981580 -3
0.981580 1
0.981581 -1
0.981581 2
1.123045 -2
1.123046 1
1.123067 -1
1.123068 1
1.123069 -1
1.123069 3
1.123180 -3
1.123180 1
1.123180 -1
1.123180 2
1.273392 -2
1.273393 1
1.273414 -1
1.273415 1
1.273417 -1
1.273417 3
1.273536 -3
1.273536 1
1.273536 -1
1.273536 2
1.418091 -2
1.418092 1
1.418110 -1
1.418111 1
1.418112 -1
1.418112 3
1.418194 -3
1.418194 1
1.418194 -1
1.418194 2
1.557849 -2
1.557850 1
1.557872 -1
1.557873 1
1.557875 -1
1.557875 3
1.558009 -3
1.558009 1
1.558010 -1
1.558010 2
1.692923 -2
1.692924 1
1.692943 -1
1.692944 1
1.692945 -1
1.692945 3
1.693067 -3
1.693067 1
1.693067 -1
1.693067 2
1.834624 -2
1.834628 1
1.834644 -1
1.834645 1
1.834646 -1
1.834646 3
1.834728 -3
1.834728 1
1.834728 -1
1.834728 2
1.969007 -2
1.969008 1
1.969022 -1
1.969022 1
1.969023 -1
1.969023 3
1.969139 -3
1.969139 1
1.969140 -1
1.969140 2
2.112398 -2
2.112400 1
2.112422 -1
2.112423 1
2.112424 -1
2.112424 3
2.112591 -3
2.112592 1
2.112592 -1
2.112592 2
2.228773 -2
2.228774 1
2.228797 -1
2.228798 1
2.228799 -1
2.228799 3
2.229005 -3
2.229005 1
2.229005 -1
2.229005 2
2.389600 -2
2.389601 1
2.389619 -1
2.389620 1
2.389621 -1
2.389621 3
2.389781 -3
2.389781 1
2.389782 -1
2.389782 2
2.521237 -2
2.521239 1
2.521260 -1
2.521261 1
2.521263 -1
2.521263 3
2.521415 -3
2.521415 1
2.521416 -1
2.521416 2
2.659062 -2
2.659064 1
2.659085 -1
2.659086 1
2.659087 -1
2.659087 3
2.659212 -3
2.659212 1
2.659212 -1
2.659213 2
2.769446 -2
2.769448 1
2.769466 -1
2.769467 1
2.769468 -1
2.769468 3
2.769601 -3
2.769601 1
2.769601 -1
2.769601 2
2.899389 -2
2.899391 1
2.899411 -1
2.899412 1
2.899413 -1
2.899413 3
2.899575 -3
2.899575 1
2.899576 -1
2.899576 2
3.037441 -2
3.037443 1
3.037463 -1
3.037464 1
3.037466 -1
3.037466 3
3.037617 -3
3.037617 1
3.037618 -1
3.037618 2
3.184399 -2
3.184400 1
3.184420 -1
3.184420 1
3.184422 -1
3.184422 3
3.184566 -3
3.184566 1
3.184567 -1
3.184567 2
3.329250 -2
3.329251 1
3.329276 -1
3.329277 1
3.329278 -1
3.329278 3
3.331623 -3
3.331623 1
3.331623 -1
3.331623 2
3.470147 -2
3.470148 1
3.470165 -1
3.470166 1
3.470167 -1
3.470167 3
3.470275 -3
3.470275 1
3.470275 -1
3.470280 2
3.607152 -2
3.607153 1
3.607170 -1
3.607171 1
3.607172 -1
3.607172 3
3.608027 -3
3.608028 1
3.608028 -1
3.608028 2
3.765179 -2
3.765180 1
3.765201 -1
3.765202 1
3.765203 -1
3.765204 3
3.765362 -3
3.765362 1
3.765363 -1
3.765363 2
3.843044 -2
3.843045 1
3.843065 -1
3.843066 1
3.843068 -1
3.843068 3
3.843203 -3
3.843203 1
3.843204 -1
3.843204 2
3.980040 -2
3.980042 1
3.980062 -1
3.980063 1
3.980064 -1
3.980064 3
3.980197 -3
3.980197 1
3.980197 -1
3.980198 2
4.088944 -2
4.088945 1
4.088963 -1
4.088964 1
4.088965 -1
4.088965 3
4.089073 -3
4.089073 1
4.089073 -1
4.089073 2
4.231208 -2
4.231208 1
4.231222 -1
4.231223 1
4.231223 -1
4.231223 3
4.231311 -3
4.231311 1
4.231311 -1
4.231311 2
4.407839 -2
4.407840 1
4.407863 -1
4.407864 1
4.407866 -1
4.407866 3
4.411776 -3
4.411777 1
4.411777 -1
4.411777 2
4.497064 -2
4.497065 1
4.497087 -1
4.497088 1
4.497090 -1
4.497090 3
4.497244 -3
4.497244 1
4.497244 -1
4.497244 2
4.654161 -2
4.654162 1
4.654183 -1
4.654184 1
4.654186 -1
4.654186 3
4.654346 -3
4.654346 1
4.654347 -1
4.654347 2
4.820200 -2
4.820201 1
4.820222 -1
4.820223 1
4.820224 -1
4.820224 3
4.821634 -3
4.821634 1
4.821634 -1
4.821635 2
4.997787 -2
4.997789 1
4.997809 -1
4.997810 1
4.997811 -1
4.997811 3
4.997947 -3
4.997948 1
4.997948 -1
4.997948 2
5.147075 -2
5.147076 1
5.147097 -1
5.147097 1
5.147099 -1
5.147099 3
5.155738 -3
5.155738 1
5.155739 -1
5.155739 2
5.308066 -2
5.308068 1
5.308088 -1
5.308088 1
5.308090 -1
5.308090 3
5.308220 -3
5.308220 1
5.308220 -1
5.308221 2
5.455064 -2
5.455065 1
5.455085 -1
5.455086 1
5.455087 -1
5.455087 3
5.455200 -3
5.455200 1
5.455200 -1
5.455201 2
5.591535 -2
5.591536 1
5.591550 -1
5.591551 1
5.591551 -1
5.591551 3
5.591756 -3
5.591756 1
5.591756 -1
5.591757 2
5.748451 -2
5.748452 1
5.748468 -1
5.748469 1
5.748470 -1
5.748470 3
5.748581 -3
5.748581 1
5.748581 -1
5.748581 2
5.916065 -2
5.916067 1
5.916088 -1
5.916088 1
5.916090 -1
5.916090 3
5.919674 -3
5.919674 1
5.919675 -1
5.919677 2
6.071049 -2
6.071050 1
6.071068 -1
6.071069 1
6.071070 -1
6.071070 3
6.071147 -3
6.071147 1
6.071147 -1
6.071147 2
6.219275 -2
6.219277 1
6.219298 -1
6.219299 1
6.219300 -1
6.219300 3
6.219466 -3
6.219466 1
6.219467 -1
6.219467 2
6.369506 -2
6.369507 1
6.369531 -1
6.369532 1
6.369534 -1
6.369534 3
6.369659 -3
6.369659 1
6.369659 -1
6.369659 2
6.507836 -2
6.507837 1
6.507856 -1
6.507857 1
6.507858 -1
6.507858 3
6.507978 -3
6.507978 1
6.507978 -1
6.507979 2
6.662596 -2
6.662598 1
6.662614 -1
6.662615 1
6.662616 -1
6.662616 3
6.662740 -3
6.662740 1
6.662741 -1
6.662741 2
6.808768 -2
6.808769 1
6.808819 -1
6.808820 1
6.808822 -1
6.808822 3
6.808958 -3
6.808958 1
6.808959 -1
6.808959 2
6.989300 -2
6.989302 1
6.989322 -1
6.989323 1
6.989325 -1
6.989325 3
6.995971 -3
6.995971 1
6.995972 -1
6.995972 2
7.169272 -2
7.169273 1
7.169296 -1
7.169297 1
7.169299 -1
7.169299 3
7.169419 -3
7.169419 1
7.169420 -1
7.169420 2
7.264238 -2
7.264240 1
7.264260 -1
7.264261 1
7.264263 -1
7.264273 3
7.264425 -3
7.264425 1
7.264425 -1
7.264425 2
7.430230 -2
7.430231 1
7.430253 -1
7.430254 1
7.430256 -1
7.430256 3
7.435617 -3
7.435617 1
7.435617 -1
7.435617 2
7.595692 -2
7.595693 1
7.595738 -1
7.595739 1
7.595741 -1
7.595741 3
7.595849 -3
7.595849 1
7.595850 -1
7.595850 2
7.801381 -2
7.801382 1
7.801404 -1
7.801405 1
7.801406 -1
7.801406 3
7.801538 -3
7.801539 1
7.801539 -1
7.801539 2
7.925702 -2
7.925704 1
7.925725 -1
7.925726 1
7.925727 -1
7.925727 3
7.925838 -3
7.925838 1
7.925839 -1
7.925839 2
8.104890 -2
8.104891 1
8.104911 -1
8.104912 1
8.104914 -1
8.104914 3
8.109453 -3
8.109453 1
8.109454 -1
8.109454 2
8.293254 -2
8.293255 1
8.293277 -1
8.293278 1
8.293279 -1
8.293279 3
8.293409 -3
8.293409 1
8.293410 -1
8.293410 2
8.456984 -2
8.456986 1
8.457006 -1
8.457007 1
8.457008 -1
8.457008 3
8.457139 -3
8.457139 1
8.457139 -1
8.457139 2
8.650012 -2
8.650013 1
8.650033 -1
8.650034 1
8.650036 -1
8.650036 3
8.650145 -3
8.650145 1
8.650146 -1
8.650148 2
8.794490 -2
8.794492 1
8.794514 -1
8.794515 1
8.794517 -1
8.794517 3
8.794709 -3
8.794709 1
8.794710 -1
8.794710 2
8.960903 -2
8.960905 1
8.960934 -1
8.960935 1
8.960937 -1
8.960937 3
8.961096 -3
8.961096 1
8.961097 -1
8.961097 2
9.122437 -2
9.122438 1
9.122454 -1
9.122454 1
9.122455 -1
9.122455 3
9.122557 -3
9.122557 1
9.122557 -1
9.122557 2
9.275523 -2
9.275524 1
9.275545 -1
9.275546 1
9.275547 -1
9.275547 3
9.276081 -3
9.276081 1
9.276082 -1
9.276082 2
9.436736 -2
9.436738 1
9.436758 -1
9.436759 1
9.436760 -1
9.436760 3
9.436890 -3
9.436890 1
9.436890 -1
9.436890 2
9.548968 -2
9.548969 1
9.548990 -1
9.548991 1
9.548992 -1
9.548992 3
9.549137 -3
9.549137 1
9.549137 -1
9.549137 2
9.693757 -2
9.693758 1
9.693782 -1
9.693782 1
9.693784 -1
9.693784 3
9.693920 -3
9.693921 1
9.693921 -1
9.693921 2
9.845478 -2
9.845479 1
9.845500 -1
9.845500 1
9.845502 -1
9.845502 3
9.845640 -3
9.845640 1
9.845640 -1
9.845640 2
9.992925 -2
9.992926 1
9.992947 -1
9.992948 1
9.992950 -1
9.992950 3
9.994614 -3
9.994614 1
9.994614 -1
9.994614 2
10.136937 -2
10.136938 1
10.136956 -1
10.136957 1
10.136958 -1
10.136958 3
10.137051 -3
10.137051 1
10.137051 -1
10.137051 2
10.284633 -2
10.284634 1
10.284659 -1
10.284661 1
10.284662 -1
10.284662 3
10.285288 -3
10.285288 1
10.285289 -1
10.285289 2
10.438668 -2
10.438669 1
10.438688 -1
10.438688 1
10.438689 -1
10.438689 3
10.438829 -3
10.438829 1
10.438830 -1
10.438830 2
10.571557 -2
10.571558 1
10.571578 -1
10.571579 1
10.571581 -1
10.571581 3
10.571740 -3
10.571740 1
10.571741 -1
10.571741 2
10.705377 -2
10.705378 1
10.705399 -1
10.705400 1
10.705402 -1
10.705402 3
10.705517 -3
10.705517 1
10.705517 -1
10.705518 2
10.873281 -2
10.873283 1
10.873304 -1
10.873305 1
10.873306 -1
10.873306 3
10.873431 -3
10.873431 1
10.873432 -1
10.873432 2
11.015625 -2
11.015627 1
11.015647 -1
11.015648 1
11.015650 -1
11.015650 3
11.015779 -3
11.015780 1
11.015780 -1
11.015780 2
11.141824 -2
11.141826 1
11.141846 -1
11.141847 1
11.141848 -1
11.141848 3
11.141989 -3
11.141989 1
11.141990 -1
11.141993 2
11.304955 -2
11.304956 1
11.304976 -1
11.304977 1
11.304978 -1
11.304979 3
11.305092 -3
11.305092 1
11.305092 -1
11.305092 2
11.437193 -2
11.437194 1
11.437215 -1
11.437215 1
11.437217 -1
11.437217 3
11.447696 -3
11.447696 1
11.447696 -1
11.447697 2
11.622043 -2
11.622044 1
11.622064 -1
11.622065 1
11.622067 -1
11.622067 3
11.622167 -3
11.622167 1
11.622167 -1
11.622167 2
11.781964 -2
11.781966 1
11.781985 -1
11.781986 1
11.781988 -1
11.781988 3
11.782103 -3
11.782103 1
11.782104 -1
11.782104 2
11.941471 -2
11.941472 1
11.941492 -1
11.941493 1
11.941495 -1
11.941495 3
11.941643 -3
11.941643 1
11.941644 -1
11.941644 2
12.100413 -2
12.100414 1
12.100434 -1
12.100435 1
12.100436 -1
12.100436 3
12.100571 -3
12.100571 1
12.100572 -1
12.100572 2
12.260374 -2
12.260375 1
12.260388 -1
12.260388 1
12.260389 -1
12.260389 3
12.260501 -3
12.260501 1
12.260501 -1
12.260501 2
12.398361 -2
12.398362 1
12.398379 -1
12.398380 1
12.398381 -1
12.398381 3
12.398455 -3
12.398455 1
12.398456 -1
12.398456 2
12.526610 -2
12.526612 1
12.526633 -1
12.526634 1
12.526636 -1
12.526636 3
12.526783 -3
12.526783 1
12.526783 -1
12.526783 2
12.647080 -2
12.647081 1
12.647102 -1
12.647103 1
12.647104 -1
12.647104 3
12.647210 -3
12.647210 1
12.647211 -1
12.647211 2
12.790929 -2
12.790930 1
12.790956 -1
12.790957 1
12.790958 -1
12.790958 3
12.791123 -3
12.791123 1
12.791124 -1
12.791124 2
12.943392 -2
12.943394 1
12.943415 -1
12.943416 1
12.943543 -1
12.943543 3
12.943604 -3
12.943604 1
12.943605 -1
12.943605 2
13.090334 -2
13.090335 1
13.090355 -1
13.090356 1
13.090357 -1
13.090357 3
13.090528 -3
13.090528 1
13.090529 -1
13.090529 2
13.212631 -2
13.212633 1
13.212654 -1
13.212655 1
13.212657 -1
13.212657 3
13.212802 -3
13.212803 1
13.212803 -1
13.212803 2
13.361684 -2
13.361685 1
13.361705 -1
13.361706 1
13.361708 -1
13.361708 3
13.361853 -3
13.361853 1
13.361853 -1
13.361853 2
13.501864 -2
13.501865 1
13.501877 -1
13.501878 1
13.501879 -1
13.501879 3
13.501976 -3
13.501976 1
13.501976 -1
13.501976 2
13.641175 -2
13.641177 1
13.641196 -1
13.641197 1
13.641198 -1
13.641198 3
13.641341 -3
13.641341 1
13.641341 -1
13.641341 2
13.775887 -2
13.775888 1
13.775910 -1
13.775910 1
13.775912 -1
13.775912 3
13.776037 -3
13.776037 1
13.776037 -1
13.776037 2
13.903842 -2
13.903844 1
13.903864 -1
13.903865 1
13.903866 -1
13.903866 3
13.904003 -3
13.904003 1
13.904003 -1
13.904004 2
14.047930 -2
14.047931 1
14.047947 -1
14.047948 1
14.047949 -1
14.047949 3
14.048027 -3
14.048027 1
14.048027 -1
14.048028 2
14.189568 -2
14.189569 1
14.189591 -1
14.189592 1
14.189594 -1
14.189594 3
14.189741 -3
14.189741 1
14.189742 -1
14.189742 2
14.333614 -2
14.333615 1
14.333633 -1
14.333634 1
14.333635 -1
14.333635 3
14.333741 -3
14.333741 1
14.333741 -1
14.333741 2
14.481442 -2
14.481443 1
14.481463 -1
14.481464 1
14.481466 -1
14.481466 3
14.481599 -3
14.481599 1
14.481599 -1
14.481599 2
14.624370 -2
14.624371 1
14.624392 -1
14.624393 1
14.624394 -1
14.624394 3
14.624544 -3
14.624545 1
14.624545 -1
14.624545 2
14.789091 -2
14.789093 1
14.789115 -1
14.789115 1
14.789117 -1
14.789117 3
14.789246 -3
14.789246 1
14.789246 -1
14.789246 2
14.918991 -2
14.918993 1
14.919011 -1
14.919012 1
14.919013 -1
14.919013 3
14.919097 -3
14.919115 1
14.919115 -1
14.919116 2
15.058052 -2
15.058053 1
15.058076 -1
15.058077 1
15.058078 -1
15.058078 3
15.058206 -3
15.058206 1
15.058206 -1
15.058207 2
15.209418 -2
15.209419 1
15.209439 -1
15.209440 1
15.209441 -1
15.209441 3
15.209564 -3
15.209564 1
15.209564 -1
15.209564 2
15.370178 -2
15.370179 1
15.370199 -1
15.370200 1
15.370202 -1
15.370202 3
15.370347 -3
15.370347 1
15.370347 -1
15.370347 2
15.508612 -2
15.508613 1
15.508631 -1
15.508632 1
15.508633 -1
15.508633 3
15.508837 -3
15.508837 1
15.508838 -1
15.508838 2
15.651725 -2
15.651726 1
15.651744 -1
15.651745 1
15.651747 -1
15.651747 3
15.651852 -3
15.651852 1
15.651852 -1
15.651853 2
15.772472 -2
15.772473 1
15.772491 -1
15.772492 1
15.772493 -1
15.772493 3
15.772649 -3
15.772649 1
15.772649 -1
15.772649 2
15.906850 -2
15.906851 1
15.906869 -1
15.906869 1
15.906871 -1
15.906871 3
15.906980 -3
15.906980 1
15.906980 -1
15.906980 2
16.065345 -2
16.065346 1
16.065363 -1
16.065364 1
16.065365 -1
16.065365 3
16.065440 -3
16.065440 1
16.065441 -1
16.065441 2
16.213383 -2
16.213384 1
16.213406 -1
16.213407 1
16.213408 -1
16.213408 3
16.213508 -3
16.213508 1
16.213508 -1
16.213509 2
16.370128 -2
16.370130 1
16.370147 -1
16.370148 1
16.370149 -1
16.370149 3
16.370264 -3
16.370264 1
16.370264 -1
16.370265 2
16.516171 -2
16.516172 1
16.516189 -1
16.516190 1
16.516191 -1
16.516191 3
16.516295 -3
16.516295 1
16.516295 -1
16.516295 2
16.675764 -2
16.675766 1
16.675787 -1
16.675788 1
16.675790 -1
16.675790 3
16.676814 -3
16.676814 1
16.676814 -1
16.676814 2
16.817661 -2
16.817662 1
16.817681 -1
16.817682 1
16.817684 -1
16.817684 3
16.817800 -3
16.817800 1
16.817800 -1
16.817801 2
16.955033 -2
16.955034 1
16.955055 -1
16.955056 1
16.955057 -1
16.955057 3
16.955184 -3
16.955184 1
16.955185 -1
16.955185 2
17.137442 -2
17.137443 1
17.137463 -1
17.137464 1
17.137465 -1
17.137465 3
17.140985 -3
17.140985 1
17.140986 -1
17.140986 2
17.273525 -2
17.273527 1
17.273548 -1
17.273549 1
17.273550 -1
17.273551 3
17.279852 -3
17.279853 1
17.279853 -1
17.279854 2
17.480577 -2
17.480578 1
17.480599 -1
17.480600 1
17.480601 -1
17.480601 3
17.480718 -3
17.480718 1
17.480719 -1
17.480719 2
17.601050 -2
17.601051 1
17.601073 -1
17.601074 1
17.601075 -1
17.601075 3
17.601205 -3
17.601205 1
17.601206 -1
17.601206 2
17.707994 -2
17.707995 1
17.708077 -1
17.708078 1
17.708079 -1
17.708079 3
17.708232 -3
17.708233 1
17.708233 -1
17.708233 2
17.892861 -2
17.892863 1
17.892883 -1
17.892883 1
17.892885 -1
17.892885 3
17.893031 -3
17.893031 1
17.893032 -1
17.893032 2
17.980742 -2
17.980743 1
17.980763 -1
17.980764 1
17.980766 -1
17.980766 3
17.980920 -3
17.980920 1
17.980920 -1
17.980921 2
18.111889 -2
18.111890 1
18.111912 -1
18.111913 1
18.111915 -1
18.111915 3
18.112062 -3
18.112062 1
18.112063 -1
18.112063 2
18.259507 -2
18.259508 1
18.259530 -1
18.259531 1
18.259533 -1
18.259533 3
18.259640 -3
18.259640 1
18.259640 -1
18.259640 2
18.408560 -2
18.408561 1
18.408583 -1
18.408584 1
18.408586 -1
18.408586 3
18.408746 -3
18.408746 1
18.408747 -1
18.408747 2
18.545075 -2
18.545076 1
18.545094 -1
18.545095 1
18.545096 -1
18.545096 3
18.545231 -3
18.545231 1
18.545232 -1
18.545232 2
18.688425 -2
18.688428 1
18.688450 -1
18.688451 1
18.688453 -1
18.688453 3
18.688576 -3
18.688576 1
18.688576 -1
18.688576 2
18.828893 -2
18.828894 1
18.828912 -1
18.828912 1
18.828913 -1
18.828913 3
18.829006 -3
18.829006 1
18.829006 -1
18.829006 2
18.974615 -2
18.974616 1
18.974639 -1
18.974640 1
18.974642 -1
18.974642 3
18.974917 -3
18.974918 1
18.974918 -1
18.974918 2
19.125589 -2
19.125590 1
19.125608 -1
19.125609 1
19.125610 -1
19.125610 3
19.125747 -3
19.125747 1
19.125747 -1
19.125747 2
19.277958 -2
19.277959 1
19.277980 -1
19.277981 1
19.277983 -1
19.277983 3
19.278091 -3
19.278091 1
19.278092 -1
19.278092 2
19.424395 -2
19.424396 1
19.424415 -1
19.424416 1
19.424418 -1
19.424418 3
19.424669 -3
19.424669 1
19.424669 -1
19.424669 2
19.545158 -2
19.545159 1
19.545177 -1
19.545178 1
19.545180 -1
19.545180 3
19.545342 -3
19.545342 1
19.545342 -1
19.545342 2
19.681506 -2
19.681507 1
19.681525 -1
19.681526 1
19.681527 -1
19.681527 3
19.681663 -3
19.681663 1
19.681664 -1
19.681664 2
19.832879 -2
19.832881 1
19.832901 -1
19.832902 1
19.832904 -1
19.832904 3
19.835846 -3
19.835846 1
19.835846 -1
19.835847 2
19.977175 -2
19.977176 1
19.977194 -1
19.977195 1
19.977196 -1
19.977196 3
19.977372 -3
19.977372 1
19.977373 -1
19.977373 2
20.057561 -2
20.057563 1
20.057584 -1
20.057586 1
20.057587 -1
20.057587 3
20.058899 -3
20.058899 1
20.058900 -1
20.058900 2
20.245471 -2
20.245472 1
20.245499 -1
20.245500 1
20.245501 -1
20.245501 3
20.245629 -3
20.245629 1
20.245630 -1
20.245630 2
20.400299 -2
20.400300 1
20.400321 -1
20.400322 1
20.400324 -1
20.400324 3
20.400441 -3
20.400441 1
20.400442 -1
20.400442 2
20.491933 -2
20.491935 1
20.491956 -1
20.491957 1
20.491959 -1
20.491959 3
20.492434 -3
20.492434 1
20.492435 -1
20.492435 2
20.618557 -2
20.618558 1
20.618576 -1
20.618577 1
20.618578 -1
20.618578 3
20.618663 -3
20.618663 1
20.618663 -1
20.618664 2
20.758488 -2
20.758489 1
20.758509 -1
20.758510 1
20.758511 -1
20.758511 3
20.758599 -3
20.758599 1
20.758599 -1
20.758599 2
20.912772 -2
20.912773 1
20.912793 -1
20.912794 1
20.912796 -1
20.912796 3
20.912913 -3
20.912913 1
20.912913 -1
20.912913 2
21.068784 -2
21.068788 1
21.068809 -1
21.068810 1
21.068811 -1
21.068811 3
21.068944 -3
21.068944 1
21.068944 -1
21.068944 2
21.200278 -2
21.200279 1
21.200301 -1
21.200302 1
21.200303 -1
21.200304 3
21.200421 -3
21.200421 1
21.200422 -1
21.200422 2
21.345129 -2
21.345131 1
21.345151 -1
21.345152 1
21.345153 -1
21.345153 3
21.345325 -3
21.345325 1
21.345326 -1
21.345326 2
21.478695 -2
21.478696 1
21.478714 -1
21.478715 1
21.478716 -1
21.478716 3
21.478854 -3
21.478854 1
21.478854 -1
21.478854 2
21.615747 -2
21.615748 1
21.615766 -1
21.615767 1
21.615768 -1
21.615768 3
21.615882 -3
21.615882 1
21.615883 -1
21.615883 2
21.754672 -2
21.754674 1
21.754694 -1
21.754695 1
21.754697 -1
21.754697 3
21.756410 -3
21.756410 1
21.756410 -1
21.756410 2
21.904192 -2
21.904193 1
21.904213 -1
21.904214 1
21.904216 -1
21.904216 3
21.904386 -3
21.904386 1
21.904387 -1
21.904387 2
22.029400 -2
22.029402 1
22.029423 -1
22.029424 1
22.029426 -1
22.029426 3
22.029578 -3
22.029578 1
22.029578 -1
22.029578 2
22.181467 -2
22.181469 1
22.181490 -1
22.181491 1
22.181493 -1
22.181493 3
22.181641 -3
22.181641 1
22.181642 -1
22.181642 2
22.343793 -2
22.343794 1
22.343815 -1
22.343816 1
22.343818 -1
22.343818 3
22.343937 -3
22.343937 1
22.343938 -1
22.343938 2
22.491353 -2
22.491355 1
22.491385 -1
22.491387 1
22.491388 -1
22.491388 3
22.491645 -3
22.491646 1
22.491646 -1
22.491646 2
22.640909 -2
22.640910 1
22.640934 -1
22.640935 1
22.640937 -1
22.640937 3
22.641069 -3
22.641069 1
22.641069 -1
22.641070 2
22.793621 -2
22.793622 1
22.793639 -1
22.793640 1
22.793641 -1
22.793641 3
22.793723 -3
22.793723 1
22.793723 -1
22.793723 2
22.941415 -2
22.941416 1
22.941434 -1
22.941435 1
22.941436 -1
22.941436 3
22.941579 -3
22.941580 1
22.941580 -1
22.941580 2
23.093474 -2
23.093476 1
23.093497 -1
23.093498 1
23.093500 -1
23.093500 3
23.093628 -3
23.093628 1
23.093629 -1
23.093629 2
23.282238 -2
23.282239 1
23.282259 -1
23.282260 1
23.282261 -1
23.282261 3
23.282405 -3
23.282405 1
23.282405 -1
23.282406 2
23.433933 -2
23.433934 1
23.433956 -1
23.433957 1
23.433959 -1
23.433959 3
23.434064 -3
23.434064 1
23.434064 -1
23.434064 2
23.562146 -2
23.562148 1
23.562171 -1
23.562171 1
23.562173 -1
23.562173 3
23.562329 -3
23.562329 1
23.562329 -1
23.562330 2
23.717427 -2
23.717428 1
23.717448 -1
23.717449 1
23.717450 -1
23.717451 3
23.717563 -3
23.717563 1
23.717563 -1
23.717564 2
23.815640 -2
23.815641 1
23.815662 -1
23.815663 1
23.815664 -1
23.815664 3
23.815786 -3
23.815787 1
23.815787 -1
23.815787 2
23.951730 -2
23.951732 1
23.951752 -1
23.951753 1
23.951754 -1
23.951754 3
23.951862 -3
23.951862 1
23.951862 -1
23.951862 2
24.163145 -2
24.163146 1
24.163167 -1
24.163168 1
24.163169 -1
24.163169 3
24.164848 -3
24.164849 1
24.164849 -1
24.164849 2
24.302979 -2
24.302980 1
24.303000 -1
24.303000 1
24.303002 -1
24.303002 3
24.303133 -3
24.303133 1
24.303134 -1
24.303134 2
24.439997 -2
24.439999 1
24.440030 -1
24.440031 1
24.440032 -1
24.440032 3
24.440185 -3
24.440185 1
24.440185 -1
24.440185 2
24.579388 -2
24.579389 1
24.579402 -1
24.579403 1
24.579404 -1
24.579404 3
24.579594 -3
24.579594 1
24.579594 -1
24.579594 2
24.730736 -2
24.730738 1
24.730758 -1
24.730759 1
24.730760 -1
24.730760 3
24.730839 -3
24.730840 1
24.730840 -1
24.730840 2
24.878652 -2
24.878653 1
24.878674 -1
24.878675 1
24.878677 -1
24.878677 3
24.878800 -3
24.878800 1
24.878801 -1
24.878801 2
25.015221 -2
25.015222 1
25.015244 -1
25.015245 1
25.015247 -1
25.015247 3
25.019605 -3
25.019605 1
25.019606 -1
25.019606 2
25.210067 -2
25.210068 1
25.210090 -1
25.210091 1
25.210093 -1
25.210093 3
25.210233 -3
25.210233 1
25.210233 -1
25.210233 2
25.357733 -2
25.357734 1
25.357756 -1
25.357757 1
25.357758 -1
25.357758 3
25.357837 -3
25.357837 1
25.357838 -1
25.357838 2
25.501485 -2
25.501487 1
25.501506 -1
25.501506 1
25.501508 -1
25.501508 3
25.501661 -3
25.501661 1
25.501661 -1
25.501661 2
25.611835 -2
25.611836 1
25.611860 -1
25.611861 1
25.611862 -1
25.611862 3
25.611970 -3
25.611970 1
25.611970 -1
25.611970 2
25.769297 -2
25.769298 1
25.769318 -1
25.769319 1
25.769321 -1
25.769321 3
25.769485 -3
25.769485 1
25.769485 -1
25.769486 2
25.921418 -2
25.921419 1
25.921439 -1
25.921440 1
25.921441 -1
25.921441 3
25.921563 -3
25.921563 1
25.921563 -1
25.921563 2
26.084224 -2
26.084225 1
26.084246 -1
26.084249 1
26.084250 -1
26.084250 3
26.084346 -3
26.084346 1
26.084347 -1
26.084347 2
26.233340 -2
26.233341 1
26.233361 -1
26.233362 1
26.233363 -1
26.233363 3
26.233495 -3
26.233496 1
26.233496 -1
26.233496 2
26.382491 -2
26.382492 1
26.382513 -1
26.382514 1
26.382516 -1
26.382516 3
26.382663 -3
26.382663 1
26.382664 -1
26.382664 2
26.525237 -2
26.525238 1
26.525257 -1
26.525258 1
26.525259 -1
26.525259 3
26.525387 -3
26.525387 1
26.525387 -1
26.525387 2
26.678534 -2
26.678535 1
26.678556 -1
26.678557 1
26.678558 -1
26.678558 3
26.678722 -3
26.678722 1
26.678723 -1
26.678723 2
26.842509 -2
26.842511 1
26.842534 -1
26.842535 1
26.842537 -1
26.842537 3
26.842689 -3
26.842689 1
26.842689 -1
26.842690 2
26.994544 -2
26.994546 1
26.994567 -1
26.994568 1
26.994569 -1
26.994569 3
26.994703 -3
26.994703 1
26.994704 -1
26.994704 2
27.148401 -2
27.148402 1
27.148423 -1
27.148424 1
27.148425 -1
27.148425 3
27.148548 -3
27.148548 1
27.148548 -1
27.148548 2
27.324243 -2
27.324245 1
27.324265 -1
27.324266 1
27.324267 -1
27.324267 3
27.334452 -3
27.334452 1
27.334453 -1
27.334453 2
27.445892 -2
27.445894 1
27.445915 -1
27.445916 1
27.445917 -1
27.445917 3
27.452903 -3
27.452903 1
27.452903 -1
27.452904 2
27.558821 -2
27.558822 1
27.558851 -1
27.558852 1
27.558853 -1
27.558853 3
27.558994 -3
27.558994 1
27.558995 -1
27.558995 2
27.721459 -2
27.721460 1
27.721480 -1
27.721481 1
27.721483 -1
27.721483 3
27.721621 -3
27.721621 1
27.721622 -1
27.721622 2
27.862100 -2
27.862101 1
27.862121 -1
27.862122 1
27.862124 -1
27.862124 3
27.862237 -3
27.862237 1
27.862237 -1
27.862237 2
27.985332 -2
27.985333 1
27.985353 -1
27.985354 1
27.985355 -1
27.985355 3
27.985503 -3
27.985503 1
27.985503 -1
27.985504 2
28.090819 -2
28.090820 1
28.090842 -1
28.090843 1
28.090845 -1
28.090845 3
28.091021 -3
28.091021 1
28.091021 -1
28.091022 2
28.218558 -2
28.218560 1
28.218580 -1
28.218581 1
28.218583 -1
28.218583 3
28.218696 -3
28.218696 1
28.218696 -1
28.218696 2
28.373362 -2
28.373363 1
28.373383 -1
28.373384 1
28.373385 -1
28.373385 3
28.373493 -3
28.373493 1
28.373494 -1
28.373494 2
28.571070 -2
28.571072 1
28.571092 -1
28.571094 1
28.571095 -1
28.571096 3
28.571225 -3
28.571225 1
28.571226 -1
28.571226 2
28.717268 -2
28.717269 1
28.717290 -1
28.717291 1
28.717292 -1
28.717292 3
28.717412 -3
28.717412 1
28.717412 -1
28.717413 2
28.854691 -2
28.854703 1
28.854725 -1
28.854726 1
28.854727 -1
28.854727 3
28.854881 -3
28.854881 1
28.854881 -1
28.854881 2
29.014640 -2
29.014641 1
29.014661 -1
29.014662 1
29.014664 -1
29.014664 3
29.014830 -3
29.014830 1
29.014831 -1
29.014831 2
29.172507 -2
29.172508 1
29.172530 -1
29.172531 1
29.172533 -1
29.172533 3
29.174160 -3
29.174160 1
29.174161 -1
29.174161 2
29.337326 -2
29.337327 1
29.337348 -1
29.337349 1
29.337351 -1
29.337351 3
29.339604 -3
29.339604 1
29.339605 -1
29.339605 2
29.487321 -2
29.487322 1
29.487343 -1
29.487344 1
29.487345 -1
29.487345 3
29.487656 -3
29.487656 1
29.487657 -1
29.487657 2
29.623839 -2
29.623840 1
29.623861 -1
29.623862 1
29.623864 -1
29.623864 3
29.624002 -3
29.624002 1
29.624003 -1
29.624003 2
29.774369 -2
29.774370 1
29.774392 -1
29.774392 1
29.774394 -1
29.774394 3
29.774530 -3
29.774530 1
29.774530 -1
29.774530 2
29.933527 -2
29.933557 1
29.933578 -1
29.933578 1
29.933580 -1
29.933580 3
29.939572 -3
29.939573 1
29.939573 -1
29.939573 2
30.113072 -2
30.113073 1
30.113093 -1
30.113094 1
30.113095 -1
30.113095 3
30.113211 -3
30.113211 1
30.113211 -1
30.113211 2
30.248441 -2
30.248442 1
30.248460 -1
30.248461 1
30.248462 -1
30.248462 3
30.248579 -3
30.248579 1
30.248579 -1
30.248579 2
30.405865 -2
30.405867 1
30.405888 -1
30.405889 1
30.405890 -1
30.405890 3
30.406040 -3
30.406040 1
30.406041 -1
30.406041 2
30.569704 -2
30.569706 1
30.569723 -1
30.569724 1
30.569725 -1
30.569725 3
30.569833 -3
30.569833 1
30.569834 -1
30.569834 2
30.706700 -2
30.706701 1
30.706720 -1
30.706720 1
30.706721 -1
30.706722 3
30.706837 -3
30.706837 1
30.706837 -1
30.706837 2
30.852703 -2
30.852705 1
30.852724 -1
30.852724 1
30.852725 -1
30.852725 3
30.852873 -3
30.852873 1
30.852874 -1
30.852874 2
30.993375 -2
30.993377 1
30.993395 -1
30.993396 1
30.993397 -1
30.993397 3
30.993506 -3
30.993506 1
30.993506 -1
30.993506 2
31.111831 -2
31.111833 1
31.111854 -1
31.111857 1
31.111858 -1
31.111858 3
31.111977 -3
31.111977 1
31.111977 -1
31.111977 2
31.292703 -2
31.292705 1
31.292727 -1
31.292728 1
31.292729 -1
31.292730 3
31.299756 -3
31.299756 1
31.299756 -1
31.299757 2
31.471495 -2
31.471496 1
31.471517 -1
31.471518 1
31.471519 -1
31.471519 3
31.471624 -3
31.471624 1
31.471624 -1
31.471624 2
31.624668 -2
31.624670 1
31.624692 -1
31.624693 1
31.624694 -1
31.624694 3
31.624843 -3
31.624843 1
31.624844 -1
31.624844 2
31.793308 -2
31.793309 1
31.793330 -1
31.793331 1
31.793333 -1
31.793333 3
31.793480 -3
31.793480 1
31.793481 -1
31.793481 2
31.969286 -2
31.969287 1
31.969312 -1
31.969313 1
31.969314 -1
31.969314 3
31.969470 -3
31.969470 1
31.969471 -1
31.969471 2
32.104805 -2
32.104807 1
32.104828 -1
32.104829 1
32.104831 -1
32.104831 3
32.104952 -3
32.104952 1
32.104952 -1
32.104953 2
32.249744 -2
32.249745 1
32.249770 -1
32.249771 1
32.249773 -1
32.249773 3
32.249914 -3
32.249914 1
32.249914 -1
32.249914 2
32.425418 -2
32.425420 1
32.425441 -1
32.425441 1
32.425443 -1
32.425443 3
32.425960 -3
32.425960 1
32.425960 -1
32.425961 2
32.565695 -2
32.565696 1
32.565717 -1
32.565718 1
32.565719 -1
32.565719 3
32.565826 -3
32.565826 1
32.565826 -1
32.565827 2
32.689512 -2
32.689513 1
32.689532 -1
32.689533 1
32.689534 -1
32.689534 3
32.689637 -3
32.689637 1
32.689637 -1
32.689638 2
32.863147 -2
32.863149 1
32.863167 -1
32.863168 1
32.863169 -1
32.863169 3
32.863282 -3
32.863283 1
32.863283 -1
32.863283 2
33.007866 -2
33.007867 1
33.007887 -1
33.007888 1
33.007889 -1
33.007889 3
33.008116 -3
33.008116 1
33.008116 -1
33.008117 2
33.150696 -2
33.150698 1
33.150720 -1
33.150721 1
33.150722 -1
33.150722 3
33.150867 -3
33.150867 1
33.150868 -1
33.150868 2
33.325342 -2
33.325343 1
33.325367 -1
33.325368 1
33.325369 -1
33.325370 3
33.325543 -3
33.325543 1
33.325543 -1
33.325544 2
33.493566 -2
33.493567 1
33.493590 -1
33.493591 1
33.493593 -1
33.493593 3
33.493756 -3
33.493756 1
33.493757 -1
33.493757 2
33.653744 -2
33.653745 1
33.653762 -1
33.653763 1
33.653764 -1
33.653764 3
33.653868 -3
33.653868 1
33.653868 -1
33.653868 2
33.813411 -2
33.813412 1
33.813434 -1
33.813434 1
33.813438 -1
33.813438 3
33.813566 -3
33.813566 1
33.813566 -1
33.813566 2
33.965366 -2
33.965368 1
33.965390 -1
33.965391 1
33.965393 -1
33.965393 3
33.965548 -3
33.965548 1
33.965549 -1
33.965549 2
34.114365 -2
34.114366 1
34.114386 -1
34.114387 1
34.114388 -1
34.114388 3
34.114494 -3
34.114494 1
34.114495 -1
34.114495 2
34.287793 -2
34.287794 1
34.287815 -1
34.287816 1
34.287817 -1
34.287817 3
34.289415 -3
34.289415 1
34.289416 -1
34.289416 2
34.401136 -2
34.401137 1
34.401156 -1
34.401157 1
34.401158 -1
34.401158 3
34.401373 -3
34.401373 1
34.401373 -1
34.401374 2
34.542840 -2
34.542841 1
34.542860 -1
34.542861 1
34.542862 -1
34.542862 3
34.542992 -3
34.542992 1
34.542992 -1
34.542992 2
34.709552 -2
34.709554 1
34.709576 -1
34.709577 1
34.709579 -1
34.709579 3
34.709742 -3
34.709742 1
34.709743 -1
34.709743 2
34.956200 -2
34.956201 1
34.956219 -1
34.956220 1
34.956221 -1
34.956221 3
34.956337 -3
34.956337 1
34.956337 -1
34.956337 2
35.108195 -2
35.108196 1
35.108218 -1
35.108219 1
35.108220 -1
35.108220 3
35.108384 -3
35.108384 1
35.108385 -1
35.108385 2
35.256295 -2
35.256296 1
35.256315 -1
35.256315 1
35.256317 -1
35.256317 3
35.256411 -3
35.256411 1
35.256412 -1
35.256412 2
35.473423 -2
35.473425 1
35.473447 -1
35.473448 1
35.473449 -1
35.473449 3
35.473604 -3
35.473604 1
35.473605 -1
35.473605 2
35.649300 -2
35.649301 1
35.649323 -1
35.649323 1
35.649325 -1
35.649325 3
35.649465 -3
35.649465 1
35.649465 -1
35.649465 2
35.800982 -2
35.800983 1
35.801004 -1
35.801005 1
35.801006 -1
35.801006 3
35.801153 -3
35.801153 1
35.801153 -1
35.801153 2
35.961355 -2
35.961356 1
35.961377 -1
35.961378 1
35.961379 -1
35.961379 3
35.961506 -3
35.961506 1
35.961507 -1
35.961507 2
36.048124 -2
36.048125 1
36.048144 -1
36.048145 1
36.048146 -1
36.048146 3
36.048271 -3
36.048271 1
36.048272 -1
36.048272 2
36.195151 -2
36.195153 1
36.195175 -1
36.195176 1
36.195178 -1
36.195178 3
36.195283 -3
36.195283 1
36.195283 -1
36.195284 2
36.332519 -2
36.332521 1
36.332545 -1
36.332546 1
36.332548 -1
36.332548 3
36.332658 -3
36.332658 1
36.332659 -1
36.332659 2
36.449344 -2
36.449345 1
36.449365 -1
36.449366 1
36.449368 -1
36.449370 3
36.449509 -3
36.449509 1
36.449510 -1
36.449510 2
36.529255 -2
36.529257 1
36.529277 -1
36.529278 1
36.529279 -1
36.529279 3
36.529436 -3
36.529436 1
36.529437 -1
36.529437 2
36.673668 -2
36.673669 1
36.673693 -1
36.673694 1
36.673696 -1
36.673696 3
36.673936 -3
36.673936 1
36.673936 -1
36.673937 2
36.754516 -2
36.754517 1
36.754535 -1
36.754536 1
36.754537 -1
36.754537 3
36.754707 -3
36.754707 1
36.754707 -1
36.754707 2
36.888741 -2
36.888742 1
36.888759 -1
36.888760 1
36.888761 -1
36.888761 3
36.888884 -3
36.888884 1
36.888885 -1
36.888885 2
37.038055 -2
37.038056 1
37.038080 -1
37.038081 1
37.038082 -1
37.038082 3
37.038238 -3
37.038238 1
37.038238 -1
37.038238 2
37.162384 -2
37.162385 1
37.162402 -1
37.162403 1
37.162405 -1
37.162405 3
37.162512 -3
37.162512 1
37.162512 -1
37.162512 2
37.303951 -2
37.303952 1
37.303973 -1
37.303974 1
37.303975 -1
37.303976 3
37.304121 -3
37.304121 1
37.304122 -1
37.304122 2
37.416404 -2
37.416406 1
37.416426 -1
37.416427 1
37.416429 -1
37.416429 3
37.416534 -3
37.416534 1
37.416535 -1
37.416535 2
37.533930 -2
37.533931 1
37.533945 -1
37.533945 1
37.533946 -1
37.533946 3
37.534055 -3
37.534056 1
37.534056 -1
37.534056 2
37.658418 -2
37.658419 1
37.658437 -1
37.658438 1
37.658439 -1
37.658439 3
37.658559 -3
37.658559 1
37.658560 -1
37.658560 2
37.819105 -2
37.819106 1
37.819125 -1
37.819125 1
37.819127 -1
37.819127 3
37.819249 -3
37.819249 1
37.819250 -1
37.819250 2
37.959713 -2
37.959714 1
37.959732 -1
37.959733 1
37.959734 -1
37.959734 3
37.959878 -3
37.959878 1
37.959878 -1
37.959879 2
38.105198 -2
38.105200 1
38.105220 -1
38.105221 1
38.105223 -1
38.105223 3
38.107608 -3
38.107608 1
38.107608 -1
38.107609 2
38.409827 -2
38.409828 1
38.409845 -1
38.409845 1
38.409847 -1
38.409847 3
38.410044 -3
38.410044 1
38.410044 -1
38.410045 2
38.551748 -2
38.551750 1
38.551770 -1
38.551771 1
38.551772 -1
38.551772 3
38.551881 -3
38.551881 1
38.551881 -1
38.551881 2
38.693910 -2
38.693911 1
38.693929 -1
38.693930 1
38.693931 -1
38.693931 3
38.694061 -3
38.694062 1
38.694062 -1
38.694062 2
38.838763 -2
38.838764 1
38.838786 -1
38.838787 1
38.838788 -1
38.838790 3
38.838894 -3
38.838894 1
38.838894 -1
38.838894 2
38.974620 -2
38.974622 1
38.974642 -1
38.974643 1
38.974645 -1
38.974645 3
38.974795 -3
38.974795 1
38.974796 -1
38.974796 2
39.124449 -2
39.124451 1
39.124475 -1
39.124475 1
39.124477 -1
39.124477 3
39.128859 -3
39.128859 1
39.128860 -1
39.128860 2
39.309155 -2
39.309156 1
39.309178 -1
39.309179 1
39.309181 -1
39.309181 3
39.309291 -3
39.309291 1
39.309292 -1
39.309292 2
39.451170 -2
39.451171 1
39.451190 -1
39.451190 1
39.451191 -1
39.451192 3
39.451328 -3
39.451329 1
39.451329 -1
39.451329 2
39.591182 -2
39.591183 1
39.591202 -1
39.591202 1
39.591203 -1
39.591203 3
39.591334 -3
39.591334 1
39.591335 -1
39.591335 2
39.752261 -2
39.752263 1
39.752283 -1
39.752284 1
39.752285 -1
39.752285 3
39.752419 -3
39.752419 1
39.752419 -1
39.752419 2
39.901439 -2
39.901440 1
39.901461 -1
39.901462 1
39.901464 -1
39.901464 3
39.901571 -3
39.901571 1
39.901572 -1
39.901572 2
40.001789 -2
40.001791 1
40.001811 -1
40.001811 1
40.001813 -1
40.001813 3
40.001932 -3
40.001932 1
40.001933 -1
40.001933 2
40.090388 -2
40.090389 1
40.090411 -1
40.090412 1
40.090414 -1
40.090414 3
40.091400 -3
40.091400 1
40.091400 -1
40.091400 2
40.199892 -2
40.199894 1
40.199914 -1
40.199915 1
40.199916 -1
40.199916 3
40.200024 -3
40.200024 1
40.200025 -1
40.200025 2
40.366425 -2
40.366426 1
40.366446 -1
40.366447 1
40.366448 -1
40.366449 3
40.366551 -3
40.366551 1
40.366551 -1
40.366552 2
40.453229 -2
40.453230 1
40.453247 -1
40.453248 1
40.453249 -1
40.453249 3
40.453326 -3
40.453326 1
40.453326 -1
40.453326 2
40.585022 -2
40.585024 1
40.585041 -1
40.585042 1
40.585043 -1
40.585043 3
40.585158 -3
40.585158 1
40.585159 -1
40.585159 2
40.736883 -2
40.736884 1
40.736902 -1
40.736903 1
40.736904 -1
40.736904 3
40.736999 -3
40.736999 1
40.736999 -1
40.737000 2
40.857156 -2
40.857157 1
40.857176 -1
40.857177 1
40.857178 -1
40.857178 3
40.857430 -3
40.857430 1
40.857431 -1
40.857431 2
41.013815 -2
41.013817 1
41.013832 -1
41.013833 1
41.013834 -1
41.013834 3
41.013950 -3
41.013950 1
41.013951 -1
41.013951 2
41.165268 -2
41.165269 1
41.165287 -1
41.165288 1
41.165289 -1
41.165289 3
41.165425 -3
41.165425 1
41.165425 -1
41.165425 2
41.306168 -2
41.306170 1
41.306191 -1
41.306192 1
41.306193 -1
41.306193 3
41.306300 -3
41.306300 1
41.306300 -1
41.306300 2
41.466166 -2
41.466167 1
41.466181 -1
41.466181 1
41.466182 -1
41.466182 3
41.466265 -3
41.466265 1
41.466265 -1
41.466265 2
41.618608 -2
41.618610 1
41.618630 -1
41.618631 1
41.618633 -1
41.618633 3
41.618726 -3
41.618726 1
41.618727 -1
41.618727 2
41.774224 -2
41.774226 1
41.774273 -1
41.774274 1
41.774276 -1
41.774276 3
41.774385 -3
41.774385 1
41.774386 -1
41.774386 2
41.943522 -2
41.943523 1
41.943545 -1
41.943546 1
41.943548 -1
41.943548 3
41.943664 -3
41.943664 1
41.943664 -1
41.943665 2
42.067049 -2
42.067050 1
42.067069 -1
42.067070 1
42.067071 -1
42.067071 3
42.067192 -3
42.067192 1
42.067193 -1
42.067193 2
42.255351 -2
42.255352 1
42.255373 -1
42.255374 1
42.255375 -1
42.255376 3
42.255500 -3
42.255501 1
42.255501 -1
42.255501 2
42.440909 -2
42.440911 1
42.440933 -1
42.440934 1
42.440936 -1
42.440936 3
42.441089 -3
42.441089 1
42.441090 -1
42.441090 2
42.585018 -2
42.585020 1
42.585041 -1
42.585042 1
42.585043 -1
42.585044 3
42.592519 -3
42.592519 1
42.592520 -1
42.592520 2
42.719412 -2
42.719414 1
42.719481 -1
42.719482 1
42.719484 -1
42.719484 3
42.719602 -3
42.719602 1
42.719603 -1
42.719603 2
42.869143 -2
42.869144 1
42.869165 -1
42.869166 1
42.869168 -1
42.869168 3
42.869330 -3
42.869330 1
42.869331 -1
42.869331 2
43.009740 -2
43.009741 1
43.009761 -1
43.009762 1
43.009763 -1
43.009764 3
43.009922 -3
43.009922 1
43.009923 -1
43.009923 2
43.168712 -2
43.168713 1
43.168736 -1
43.168737 1
43.168738 -1
43.168739 3
43.168856 -3
43.168856 1
43.168856 -1
43.168857 2
43.317412 -2
43.317413 1
43.317435 -1
43.317436 1
43.317438 -1
43.317438 3
43.317568 -3
43.317568 1
43.317569 -1
43.317569 2
43.492127 -2
43.492128 1
43.492149 -1
43.492150 1
43.492151 -1
43.492151 3
43.493645 -3
43.493645 1
43.493645 -1
43.493645 2
43.650055 -2
43.650057 1
43.650077 -1
43.650078 1
43.650080 -1
43.650080 3
43.650234 -3
43.650234 1
43.650235 -1
43.650235 2
43.755414 -2
43.755416 1
43.755478 -1
43.755479 1
43.755481 -1
43.755481 3
43.755601 -3
43.755603 1
43.755604 -1
43.755604 2
43.861422 -2
43.861423 1
43.861449 -1
43.861449 1
43.861451 -1
43.861451 3
43.861550 -3
43.861550 1
43.861550 -1
43.861551 2
44.002728 -2
44.002729 1
44.002748 -1
44.002749 1
44.002750 -1
44.002750 3
44.002839 -3
44.002839 1
44.002839 -1
44.002839 2
44.136035 -2
44.136036 1
44.136058 -1
44.136058 1
44.136060 -1
44.136060 3
44.136160 -3
44.136160 1
44.136161 -1
44.136161 2
44.287816 -2
44.287818 1
44.287837 -1
44.287838 1
44.287839 -1
44.287839 3
44.287950 -3
44.287950 1
44.287951 -1
44.287951 2
44.436619 -2
44.436621 1
44.436644 -1
44.436645 1
44.436646 -1
44.436646 3
44.436797 -3
44.436797 1
44.436798 -1
44.436798 2
44.548945 -2
44.548946 1
44.548964 -1
44.548965 1
44.548966 -1
44.548966 3
44.549072 -3
44.549072 1
44.549072 -1
44.549072 2
44.673213 -2
44.673215 1
44.673236 -1
44.673237 1
44.673238 -1
44.673239 3
44.673393 -3
44.673393 1
44.673393 -1
44.673394 2
44.777098 -2
44.777099 1
44.777121 -1
44.777121 1
44.777123 -1
44.777123 3
44.777235 -3
44.777235 1
44.777236 -1
44.777236 2
44.905863 -2
44.905864 1
44.905884 -1
44.905885 1
44.905886 -1
44.905886 3
44.905996 -3
44.905996 1
44.905997 -1
44.905997 2
45.013177 -2
45.013178 1
45.013197 -1
45.013198 1
45.013199 -1
45.013199 3
45.013311 -3
45.013311 1
45.013311 -1
45.013312 2
45.156534 -2
45.156535 1
45.156557 -1
45.156558 1
45.156559 -1
45.156559 3
45.156683 -3
45.156683 1
45.156683 -1
45.156684 2
45.291802 -2
45.291804 1
45.291825 -1
45.291826 1
45.291828 -1
45.291828 3
45.292205 -3
45.292205 1
45.292206 -1
45.292206 2
45.437470 -2
45.437472 1
45.437491 -1
45.437492 1
45.437493 -1
45.437493 3
45.437608 -3
45.437608 1
45.437608 -1
45.437609 2
45.589783 -2
45.589784 1
45.589805 -1
45.589806 1
45.589808 -1
45.589808 3
45.589958 -3
45.589958 1
45.589958 -1
45.589959 2
45.709278 -2
45.709279 1
45.709298 -1
45.709299 1
45.709300 -1
45.709300 3
45.709407 -3
45.709407 1
45.709408 -1
45.709408 2
45.846854 -2
45.846855 1
45.846876 -1
45.846877 1
45.846878 -1
45.846878 3
45.846982 -3
45.846982 1
45.846983 -1
45.846983 2
45.997521 -2
45.997523 1
45.997543 -1
45.997544 1
45.997546 -1
45.997546 3
45.997672 -3
45.997675 1
45.997676 -1
45.997676 2
46.173050 -2
46.173051 1
46.173070 -1
46.173071 1
46.173072 -1
46.173072 3
46.173205 -3
46.173205 1
46.173206 -1
46.173206 2
46.292944 -2
46.292946 1
46.292966 -1
46.292967 1
46.292969 -1
46.292969 3
46.293097 -3
46.293097 1
46.293097 -1
46.293097 2
46.476496 -2
46.476497 1
46.476518 -1
46.476519 1
46.476521 -1
46.476521 3
46.476652 -3
46.476652 1
46.476652 -1
46.476652 2
46.635879 -2
46.635880 1
46.635902 -1
46.635903 1
46.635905 -1
46.635905 3
46.637544 -3
46.637544 1
46.637545 -1
46.637545 2
46.777412 -2
46.777414 1
46.777434 -1
46.777435 1
46.777436 -1
46.777436 3
46.777538 -3
46.777538 1
46.777539 -1
46.777539 2
46.911971 -2
46.911972 1
46.911994 -1
46.911995 1
46.911996 -1
46.911997 3
46.918931 -3
46.918932 1
46.918932 -1
46.918932 2
47.113074 -2
47.113075 1
47.113094 -1
47.113094 1
47.113096 -1
47.113096 3
47.113332 -3
47.113332 1
47.113332 -1
47.113332 2
47.247250 -2
47.247251 1
47.247269 -1
47.247270 1
47.247271 -1
47.247271 3
47.247409 -3
47.247409 1
47.247409 -1
47.247409 2
47.391789 -2
47.391790 1
47.391814 -1
47.391815 1
47.391817 -1
47.391817 3
47.391967 -3
47.391967 1
47.391967 -1
47.391967 2
47.522149 -2
47.522150 1
47.522170 -1
47.522171 1
47.522172 -1
47.522172 3
47.522308 -3
47.522308 1
47.522309 -1
47.522309 2
47.689375 -2
47.689376 1
47.689397 -1
47.689398 1
47.689399 -1
47.689399 3
47.689528 -3
47.689528 1
47.689529 -1
47.689529 2
47.837100 -2
47.837101 1
47.837118 -1
47.837119 1
47.837120 -1
47.837120 3
47.837193 -3
47.837193 1
47.837194 -1
47.837194 2
47.981390 -2
47.981391 1
47.981408 -1
47.981409 1
47.981410 -1
47.981410 3
47.981551 -3
47.981551 1
47.981551 -1
47.981551 2
48.119192 -2
48.119193 1
48.119211 -1
48.119212 1
48.119213 -1
48.119213 3
48.119291 -3
48.119291 1
48.119291 -1
48.119291 2
48.252809 -2
48.252810 1
48.252829 -1
48.252830 1
48.252831 -1
48.252831 3
48.252964 -3
48.252964 1
48.252965 -1
48.252965 2
48.396699 -2
48.396700 1
48.396719 -1
48.396720 1
48.396721 -1
48.396721 3
48.396871 -3
48.396871 1
48.396871 -1
48.396872 2
48.525833 -2
48.525834 1
48.525853 -1
48.525854 1
48.525855 -1
48.525855 3
48.525961 -3
48.525961 1
48.525963 -1
48.525963 2
48.665572 -2
48.665573 1
48.665592 -1
48.665593 1
48.665595 -1
48.665595 3
48.665701 -3
48.665701 1
48.665701 -1
48.665701 2
48.802057 -2
48.802058 1
48.802080 -1
48.802081 1
48.802082 -1
48.802082 3
48.802234 -3
48.802234 1
48.802235 -1
48.802235 2
48.949458 -2
48.949459 1
48.949480 -1
48.949481 1
48.949482 -1
48.949482 3
48.968780 -3
48.968780 1
48.968780 -1
48.968782 -5
